function K = out_lqr_k(L0)
%OUT_LQR_K
%    K = OUT_LQR_K(L0)

%    This function was generated by the Symbolic Math Toolbox version 9.0.
%    10-Apr-2024 09:53:40

t2 = L0.^2;
t3 = L0.^3;
mt1 = [L0.*(-3.766743398115502)-t2.*3.812157328556371e+1+t3.*7.915466574331603e+1-2.738343423999113e-2];
mt2 = [L0.*1.045931847998946e-1+t2.*4.401217845278039e-1-t3.*2.493445299751553-1.191811958904977e-2];
mt3 = [L0.*(-2.931558595484074e-1)-t2.*6.887143277861557+t3.*8.598099291178164-1.873634270142395e-3];
mt4 = [L0.*8.051906546978184e-3+t2.*2.803118547480421e-2-t3.*9.810523202141452e-2-6.68742876799657e-5];
mt5 = [L0.*(-2.792733521417284)-t2.*1.645938914289507e+1+t3.*5.719784719912236e+1+2.329503014517518e-2];
mt6 = [L0.*(-1.054837515884256e-1)+t2.*6.013506832717599e-1-t3.*1.59801951739054+2.557323731916973e-2];
mt7 = [L0.*(-2.038715414734287)-t2.*1.528308544659567e+1+t3.*4.706453707501245e+1-1.789944836933449e-3];
mt8 = [L0.*8.332860014549404e-2-t2.*5.443099745589256e-1+t3.*1.2875386178318+5.174664380801454e-3];
mt9 = [L0.*(-1.539559943823199e+1)+t2.*9.662539673552494e+1-t3.*2.399207402221192e+2+1.295275686237843];
mt10 = [L0.*4.712507706965263e-1-t2.*3.522652888985531+t3.*9.506738955984018+1.524041100480777];
mt11 = [L0.*(-7.541474893997636e-1)+t2.*4.846869818916492-t3.*1.220407551449357e+1+6.530804131189828e-2];
mt12 = [L0.*5.560989256093062e-3-t2.*3.847645988242349e-2+t3.*1.004723001003578e-1+7.669703841927668e-2];
K = reshape([mt1,mt2,mt3,mt4,mt5,mt6,mt7,mt8,mt9,mt10,mt11,mt12],2,6);
